

00000000000000000000000034c83e6b
__Meshes__\g11614_ground_cilff_LODShape0.mesh
1 0 0 0 0 1 0 0 0 0 1 0 0 0 0 1
1 1 1
NotShiny

0000000000000000000000006e81b9b6
__Meshes__\polySurfaceShape1848.mesh
1 0 0 0 0 1 0 0 0 0 1 0 0 0 0 1
1 1 1
NotShiny

00000000000000000000000009ed01ba
__Meshes__\polySurfaceShape1857.mesh
1 0 0 0 0 1 0 0 0 0 1 0 0 0 0 1
1 1 1
NotShiny

00000000000000000000000064702941
__Meshes__\g11614_cliff03_LOD1Shape.mesh
1 0 0 0 0 1 0 0 0 0 1 0 0 0 0 1
1 1 1
NotShiny

0000000000000000000000005715e07b
__Meshes__\polySurfaceShape1714.mesh
1 0 0 0 0 1 0 0 0 0 1 0 0 0 0 1
1 1 1
NotShiny

00000000000000000000000073e04616
__Meshes__\g11614_rock02_LOD1Shape.mesh
1 0 0 0 0 1 0 0 0 0 1 0 0 0 0 1
1 1 1
NotShiny

0000000000000000000000001935e853
__Meshes__\g11614_rock03_LOD1Shape.mesh
1 0 0 0 0 1 0 0 0 0 1 0 0 0 0 1
1 1 1
NotShiny

000000000000000000000000762338fd
__Meshes__\g11614_rock04_LODShape1.mesh
1 0 0 0 0 1 0 0 0 0 1 0 0 0 0 1
1 1 1
NotShiny

000000000000000000000000075a3951
__Meshes__\polySurfaceShape1699.mesh
1 0 0 0 0 1 0 0 0 0 1 0 0 0 0 1
1 1 1
NotShiny

0000000000000000000000007c6fa00a
__Meshes__\polySurfaceShape1874.mesh
1 0 0 0 0 1 0 0 0 0 1 0 0 0 0 1
1 1 1
NotShiny

0000000000000000000000003931f308
__Meshes__\g11614_trunk03_LODShape1.mesh
1 0 0 0 0 1 0 0 0 0 1 0 0 0 0 1
1 1 1
NotShiny

0000000000000000000000004f05425c
__Meshes__\g11614_trunk04_LOD1Shape.mesh
1 0 0 0 0 1 0 0 0 0 1 0 0 0 0 1
1 1 1
NotShiny

000000000000000000000000075f7d07
__Meshes__\g11614_trunk05_LOD1Shape.mesh
1 0 0 0 0 1 0 0 0 0 1 0 0 0 0 1
1 1 1
NotShiny

000000000000000000000000356169c4
__Meshes__\ruin_wall_01Shape.mesh
1 0 0 0 0 1 0 0 0 0 1 0 0 0 0 1
1 1 1
NotShiny

0000000000000000000000007e2b8a66
__Meshes__\ruin_floorShape.mesh
1 0 0 0 0 1 0 0 0 0 1 0 0 0 0 1
1 1 1
NotShiny

0000000000000000000000005bd65f8e
__Meshes__\ruin_tower_01Shape.mesh
1.23000002 0 0 -13786.7773 0 1.23000002 0 620.167847 0 0 1.23000002 2348.5957 0 0 0 1
1 1 1
NotShiny

00000000000000000000000052ec501a
__Meshes__\g11714_groundShape.mesh
1 0 0 0 0 1 0 0 0 0 1 0 0 0 0 1
1 1 1
NotShiny

0000000000000000000000003d470c1e
__Meshes__\polySurfaceShape1513.mesh
1 0 0 0 0 1 0 0 0 0 1 0 0 0 0 1
1 1 1
NotShiny

0000000000000000000000003b4d12d1
__Meshes__\g11614_cliff05Shape.mesh
1 0 0 0 0 1 0 0 0 0 1 0 0 0 0 1
1 1 1
NotShiny

0000000000000000000000003e60fb37
__Meshes__\g11614_rock03_LOD0Shape.mesh
1 0 0 0 0 1 0 0 0 0 1 0 0 0 0 1
1 1 1
NotShiny

00000000000000000000000032c04b5c
__Meshes__\polySurfaceShape1880.mesh
1 0 0 0 0 1 0 0 0 0 1 0 0 0 0 1
1 1 1
NotShiny

0000000000000000000000003f8c69d0
__Meshes__\polySurfaceShape1881.mesh
1 0 0 0 0 1 0 0 0 0 1 0 0 0 0 1
1 1 1
NotShiny

0000000000000000000000003fbd25e9
__Meshes__\ruin_gate_02_2_LOD0Shape.mesh
1 0 0 0 0 1 0 0 0 0 1 0 0 0 0 1
1 1 1
NotShiny

00000000000000000000000035715dac
__Meshes__\ruin_gate_02_1_LOD0Shape.mesh
1 0 0 0 0 1 0 0 0 0 1 0 0 0 0 1
1 1 1
NotShiny

00000000000000000000000054785ad3
__Meshes__\ruin_gate_01_2_LOD0Shape.mesh
1 0 0 0 0 1 0 0 0 0 1 0 0 0 0 1
1 1 1
NotShiny

000000000000000000000000167293d4
__Meshes__\ruin_gate_01_1_LOD0Shape.mesh
1 0 0 0 0 1 0 0 0 0 1 0 0 0 0 1
1 1 1
NotShiny

00000000000000000000000052965cca
__Meshes__\g11614_ground_LODShape0.mesh
1 0 0 0 0 1 0 0 0 0 1 0 0 0 0 1
1 1 1
NotShiny

Volumes:

00000000000000000000000001d2775b
64704.1328 -3500 -17726.1367
0.49999997 0 0.866025329
0 0.99999994 0
-0.866025388 0 0.50000006
8535.96777 1500 15955.6924

000000000000000000000000038a504e
61484.8984 -4700 -23842.8652
0.5 0 0.866025329
0 0.99999994 0
-0.866025388 0 0.49999997
5383.52783 4000 10826.3994

0000000000000000000000000f1b1a56
51512.9961 -3500 -19431.2402
0.49999997 0 0.866025388
0 0.99999994 0
-0.866025448 0 0.5
6614.51953 1500 9854.67578

0000000000000000000000000e7bc752
64559.7539 -3700 -17944.4648
0.49999997 0 0.866025388
0 0.99999994 0
-0.866025388 0 0.49999997
9030.94824 1400 15865.3447

00000000000000000000000007e4b5ff
66673.3594 -4000 -25494.875
0.49999997 0 0.866025388
0 0.99999994 0
-0.866025448 0 0.5
1966.98157 2000 4663.01074

0000000000000000000000003d87836a
62229.5938 -4000 -22929.2656
0.49999997 0 0.866025388
0 0.99999994 0
-0.866025388 0 0.5
1966.98157 2000 3353.0249

00000000000000000000000048542936
57802.668 -4000 -21777.8613
0.49999994 0 0.866025329
0 0.99999994 0
-0.866025448 0 0.5
4440.50781 2000 2461.98169

0000000000000000000000000fc1e3c9
57607.0469 -5300 -23733.0898
0.49999997 0 0.866025329
0 0.99999994 0
-0.866025448 0 0.5
1923.46057 2000 2461.98169

00000000000000000000000027135339
60573.7773 -5800 -24555.9395
0.50000006 0 0.866025388
0 0.9999999