nstance_tag="1499">
			<TEMPLATETRANSFORM>-0.64944756 0 0.7604064 0 7.2518003E-07 1 6.19361458E-07 0 -0.7604064 9.536743E-07 -0.64944756 0 -286.4359 -11.68663 693.3095 1 </TEMPLATETRANSFORM>
		</TEMPLATEBASICENTITYINSTANCE>
		<TEMPLATEBASICENTITYINSTANCE id="core_barr_blockconcrete2_a421" uri="#core_barr_blockconcrete2_a~0" instance_tag="1543">
			<TEMPLATETRANSFORM>0.666807 0.0130426474 -0.745116532 0 -0.008697664 0.999915 0.009719115 0 0.7451797 9.313226E-10 0.666863561 0 463.172028 -11.5188465 -83.7089539 1 </TEMPLATETRANSFORM>
		</TEMPLATEBASICENTITYINSTANCE>
		<TEMPLATEBASICENTITYINSTANCE id="core_barr_blockconcrete_a3432" uri="#core_barr_blockconcrete_a~0" instance_tag="1501">
			<TEMPLATETRANSFORM>0.6568345 -7.165072E-07 -0.7540352 0 0.00223376649 0.9999954 0.00194486661 0 0.7540318 -0.00296179438 0.656831443 0 -213.02655 -11.6866255 608.8573 1 </TEMPLATETRANSFORM>
		</TEMPLATEBASICENTITYINSTANCE>
		<TEMPLATEBASICENTITYINSTANCE id="core_barr_blockconcrete_a3433" uri="#core_barr_blockconcrete_a~0" instance_tag="1502">
			<TEMPLATETRANSFORM>0.6603864 9.536743E-07 -0.750925958 0 -0.00201194151 0.9999964 -0.00176809041 0 0.7509233 0.002678442 0.660384 0 -210.406 -11.6866283 605.845 1 </TEMPLATETRANSFORM>
		</TEMPLATEBASICENTITYINSTANCE>
		<TEMPLATEBASICENTITYINSTANCE id="core_barr_blockconcrete_a35" uri="#core_barr_blockconcrete_a~0" instance_tag="1516">
			<TEMPLATETRANSFORM>0.174175352 0.01122642 -0.9846509 0 0.000895254 0.9998697 0.0115583008 0 0.984652162 -0.00289468351 0.174142569 0 118.904945 -11.86742 322.515869 1 </TEMPLATETRANSFORM>
		</TEMPLATEBASICENTITYINSTANCE>
		<TEMPLATEBASICENTITYINSTANCE id="core_barr_blockconcrete_a85" uri="#core_barr_blockconcrete_a~0" instance_tag="42">
			<TEMPLATETRANSFORM>0.659211457 -3.32775271E-05 -0.7519576 0 -0.003133542 0.9999912 -0.00279130624 0 0.7519511 0.004196352 0.6592055 0 656.1955 -8.68653 -142.416931 1 </TEMPLATETRANSFORM>
		</TEMPLATEBASICENTITYINSTANCE>
		<TEMPLATEBASICENTITYINSTANCE id="core_barr_blockconcrete_a86" uri="#core_barr_blockconcrete_a~0" instance_tag="43">
			<TEMPLATETRANSFORM>0.666712344 -4.75319951E-07 -0.745315135 0 -0.0009670679 0.999999166 -0.0008657162 0 0.745314538 0.001297954 0.6667118 0 658.8229 -8.686664 -145.449127 1 </TEMPLATETRANSFORM>
		</TEMPLATEBASICENTITYINSTANCE>
		<TEMPLATEBASICENTITYINSTANCE id="core_barr_blockconcrete_a84" uri="#core_barr_blockconcrete_a~0" instance_tag="41">
			<TEMPLATETRANSFORM>0.6555629 -0.00225441065 -0.7551371 0 0.00636032037 0.9999765 0.00253627263 0 0.7551137 -0.006465601 0.6555621 0 653.58075 -8.677484 -139.372955 1 </TEMPLATETRANSFORM>
		</TEMPLATEBASICENTITYINSTANCE>
		<TEMPLATEBASICENTITYINSTANCE id="core_barr_blockconcrete_a80" uri="#core_barr_blockconcrete_a~0" instance_tag="37">
			<TEMPLATETRANSFORM>0.6513961 0.00218772725 -0.7587348 0 0.00304484926 0.99998033 0.005497425 0 0.758731961 -0.00589123555 0.651376545 0 643.029541 -8.747057 -127.280235 1 </TEMPLATETRANSFORM>
		</TEMPLATEBASICENTITYINSTANCE>
		<TEMPLATEBASICENTITYINSTANCE id="core_barr_blockconcrete_a81" uri="#core_barr_blockconcrete_a~0" instance_tag="38">
			<TEMPLATETRANSFORM>0.6655812 0.0177388415 -0.7461146 0 -0.007622715 0.999827 0.0169709 0 0.7462866 -0.005608094 0.665601254 0 645.651367 -8.738279 -130.316742 1 </TEMPLATETRANSFORM>
		</TEMPLATEBASICENTITYINSTANCE>
		<TEMPLATEBASICENTITYINSTANCE id="core_barr_blockconcrete_a82" uri="#core_barr_blockconcrete_a~0" instance_tag="39">
			<TEMPLATETRANSFORM>0.6489616 -9.767345E-05 -0.760821164 0 0.005277827 0.9999765 0.00437347963 0 0.760802865 -0.006853703 0.6489469 0 648.332642 -8.667174 -133.3015 1 </TEMPLATETRANSFORM>
		</TEMPLATEBASICENTITYINSTANCE>
		<TEMPLATEBASICENTITYINSTANCE id="core_barr_safetyaccess_set_r022" uri="#core_barr_safetyaccess_set_r" instance_tag="1566">
			<TEMPLATETRANSFORM>-0.7931983 -0.0208936036 -0.6086048 0 -0.016596714 0.9997817 -0.0126922438 0 0.6087372 3.33713142E-05 -0.793372 0 -769.5389 -6.639015 880.6839 1 </TEMPLATETRANSFORM>
		</TEMPLATEBASICENTITYINSTANCE>
		<TEMPLATEBASICENTITYINSTANCE id="core_barr_blockconcrete2_a489" uri="#core_barr_blockconcrete2_a~0" instance_tag="3341">
			<TEMPLATETRANSFORM>0.722301364 0 -0.691578448 0 -0.002105146 0.999995351 -0.00219866587 0 0.6915752 0.003043973 0.722298 0 360.092529 -8.686626 -362.676 1 </TEMPLATETRANSFORM>
		</TEMPLATEBASICENTITYINSTANCE>
		<TEMPLATEBASICENTITYINSTANCE id="core_barr_blockconcrete2_a490" uri="#core_barr_blockconcrete2_a~0" instance_tag="3343">
			<TEMPLATETRANSFORM>-0.07526758 4.339218E-05 -0.9971635 0 6.27949557E-05 1 3.87757536E-05 0 0.9971635 -5.969828E-05 -0.07526758 0 284.4931 -8.687 -227.0474 1 </TEMPLATETRANSFORM>
		</TEMPLATEBASICENTITYINSTANCE>
		<TEMPLATEBASICENTITYINSTANCE id="core_barr_blockconcrete2_a491" uri="#core_barr_blockconcrete2_a~0" instance_tag="3344">
			<TEMPLATETRANSFORM>-0.0267869253 -1.239719E-05 -0.9996412 0 -0.00131410756 0.999999166 2.28119061E-05 0 0.999640346 0.001314247 -0.02678692 0 283.8755 -8.686652 -235.0266 1 </TEMPLATETRANSFORM>
		</TEMPLATEBASICENTITYINSTANCE>
		<TEMPLATEBASICENTITYINSTANCE id="core_barr_blockconcrete2_a486" uri="#core_barr_blockconcrete2_a~0" instance_tag="3338">
			<TEMPLATETRANSFORM>0.792957664 0 -0.6092767 0 0.00165142387 0.9999963 0.00214928482 0 0.609274447 -0.002710466 0.792954743 0 341.6052 -8.686628 -347.4024 1 </TEMPLATETRANSFORM>
		</TEMPLATEBASICENTITYINSTANCE>
		<TEMPLATEBASICENTITYINSTANCE id="core_barr_blockconcrete2_a487" uri="#core_barr_blockconcrete2_a~0" instance_tag="3339">
			<TEMPLATETRANSFORM>0.7664756 0 -0.6422734 0 0.0007927357 0.9999992 0.000946034153 0 0.642272949 -0.00123426516 0.766475 0 347.9441 -8.686628 -352.278931 1 </TEMPLATETRANSFORM>
		</TEMPLATEBASICENTITYINSTANCE>
		<TEMPLATEBASICENTITYINSTANCE id="core_barr_blockconcrete2_a488" uri="#core_barr_blockconcrete2_a~0" instance_tag="3340">
			<TEMPLATETRANSFORM>0.752909243 0 -0.6581243 0 -0.00209550885 0.999994934 -0.00239731 0 0.658121 0.00318406243 0.7529054 0 354.090027 -8.686627 -357.395142 1 </TEMPLATETRANSFORM>
		</TEMPLATEBASICENTITYINSTANCE>
		<TEMPLATEBASICENTITYINSTANCE id="core_barr_blockconcrete2_a492" uri="#core_barr_blockconcrete2_a~0" instance_tag="3345">
			<TEMPLATETRANSFORM>0.0594768636 -0.000132526067 -0.9982298 0 0.000456352078 0.9999999 -0.000105570522 0 0.9982297 -0.000449265266 0.059476912 0 283.682037 -8.686751 -243.024628 1 </TEMPLATETRANSFORM>
		</TEMPLATEBASICENTITYINSTANCE>
		<TEMPLATEBASICENTITYINSTANCE id="core_barr_blockconcrete2_a496" uri="#core_barr_blockconcrete2_a~0" instance_tag="3349">
			<TEMPLATETRANSFORM>0.312652767 0 -0.9498675 0 0.0005099787 0.9999999 0.000167861566 0 0.949867368 -0.000536894542 0.312652737 0 288.255219 -8.686658 -274.623749 1 </TEMPLATETRANSFORM>
		</TEMPLATEBASICENTITYINSTANCE>
		<TEMPLATEBASICENTITYINSTANCE id="core_barr_blockconcrete2_a497" uri="#core_barr_blockconcrete2_a~0" instance_tag="3350">
			<TEMPLATETRANSFORM>0.3604668 -3.49045763E-07 -0.93277204 0 0.000409663742 0.9999999 0.000157939052 0 0.9327719 -0.000439054682 0.360466778 0 290.7364 -8.686658 -282.231445 1 </TEMPLATETRANSFORM>
		</TEMPLATEBASICENTITYINSTANCE>
		<TEMPLATEBASICENTITYINSTANCE id="core_barr_blockconcrete_a485" uri="#core_barr_blockconcrete_a~0" instance_tag="3390">
			<TEMPLATETRANSFORM>-0.770156741 0.003526204 0.6378452 0 0.00455638 0.9999896 -2.6716385E-05 0 -0.6378386 0.00288568949 -0.7701646 0 -183.471985 -7.21958065 90.36932 1 </TEMPLATETRANSFORM>
		</TEMPLATEBASICENTITYINSTANCE>
		<TEMPLATEBASICENTITYINSTANCE id="core_barr_blockconcrete2_a493" uri="#core_barr_blockconcrete2_a~0" instance_tag="3346">
			<TEMPLATETRANSFORM>0.105933346 0.000129699736 -0.9943734 0 -0.000176005051 1 0.0001116833 0 0.9943734 0.000163183737 0.105933368 0 284.142578 -8.687812 -251.013458 1 </TEMPLATETRANSFORM>
		</TEMPLATEBASICE