0.362964571 0 -1.73230433 2.11446285 445.227722 1 </TEMPLATETRANSFORM>
		</TEMPLATEBASICENTITYINSTANCE>
		<TEMPLATEBASICENTITYINSTANCE id="core_barr_armco_b_half2510" uri="#core_barr_armco_b_half~0" instance_tag="1544">
			<TEMPLATETRANSFORM>0.1221591 -1.668933E-05 -0.992510438 0 2.03866512E-06 0.9999999 -1.65642632E-05 0 0.9925106 -5.820766E-11 0.122159056 0 1.01032746 2.12157083 435.686249 1 </TEMPLATETRANSFORM>
		</TEMPLATEBASICENTITYINSTANCE>
		<TEMPLATEBASICENTITYINSTANCE id="core_barr_armco_b_half2511" uri="#core_barr_armco_b_half~0" instance_tag="1545">
			<TEMPLATETRANSFORM>0.09736379 3.671646E-05 -0.995248854 0 -3.5748526E-06 1 3.65420165E-05 0 0.9952488 -1.45519152E-11 0.09736379 0 1.25341308 2.12153745 433.711243 1 </TEMPLATETRANSFORM>
		</TEMPLATEBASICENTITYINSTANCE>
		<TEMPLATEBASICENTITYINSTANCE id="core_barr_armco_b_half2508" uri="#core_barr_armco_b_half~0" instance_tag="1542">
			<TEMPLATETRANSFORM>0.23317261 -0.0005993843 -0.972435236 0 0.000139760115 0.999999762 -0.0005828623 0 0.9724354 -8.731149E-11 0.233172685 0 0.181901157 2.12343884 439.577454 1 </TEMPLATETRANSFORM>
		</TEMPLATEBASICENTITYINSTANCE>
		<TEMPLATEBASICENTITYINSTANCE id="core_barr_armco_b_half2509" uri="#core_barr_armco_b_half~0" instance_tag="1543">
			<TEMPLATETRANSFORM>0.18314983 -0.000339508 -0.9830849 0 6.218083E-05 0.9999999 -0.000333765172 0 0.983084857 -3.637979E-12 0.183149874 0 0.6459008 2.122246 437.642365 1 </TEMPLATETRANSFORM>
		</TEMPLATEBASICENTITYINSTANCE>
		<TEMPLATEBASICENTITYINSTANCE id="core_barr_blockconcrete_a5573" uri="#core_barr_blockconcrete_a~0" instance_tag="1557">
			<TEMPLATETRANSFORM>0.000194084671 -2.32042839E-05 -1.00000012 0 -0.000584613066 0.999999762 -2.331774E-05 0 0.99999994 0.000584617665 0.000194071079 0 -156.007736 1.90565109 227.222931 1 </TEMPLATETRANSFORM>
		</TEMPLATEBASICENTITYINSTANCE>
		<TEMPLATEBASICENTITYINSTANCE id="core_barr_armco_b_half2523" uri="#core_barr_armco_b_half~0" instance_tag="1600">
			<TEMPLATETRANSFORM>0.02542139 -0.00367449829 0.9996701 0 9.341136E-05 0.9999932 0.00367331132 0 -0.999676943 2.910383E-10 0.0254215784 0 -275.910248 1.25323868 176.700485 1 </TEMPLATETRANSFORM>
		</TEMPLATEBASICENTITYINSTANCE>
		<TEMPLATEBASICENTITYINSTANCE id="core_barr_armco_b_half2524" uri="#core_barr_armco_b_half~0" instance_tag="1601">
			<TEMPLATETRANSFORM>0.12328025 -0.00249051815 0.9923686 0 0.000307032547 0.999997 0.00247152 0 -0.9923717 -5.820766E-10 0.123280615 0 -275.8597 1.24593353 178.68779 1 </TEMPLATETRANSFORM>
		</TEMPLATEBASICENTITYINSTANCE>
		<TEMPLATEBASICENTITYINSTANCE id="core_barr_blockconcrete_a5617" uri="#core_barr_blockconcrete_a~0" instance_tag="1597">
			<TEMPLATETRANSFORM>0.9999616 0.00470112 0.007366346 0 -0.00466254726 0.999975443 -0.00524484273 0 -0.0073908167 0.00521029672 0.99995923 0 -256.904877 1.23688889 192.176636 1 </TEMPLATETRANSFORM>
		</TEMPLATEBASICENTITYINSTANCE>
		<TEMPLATEBASICENTITYINSTANCE id="core_barr_blockconcrete_a5618" uri="#core_barr_blockconcrete_a~0" instance_tag="1598">
			<TEMPLATETRANSFORM>0.9998868 0.014040486 -0.005401561 0 -0.0140678976 0.999788046 -0.005330854 0 0.005325569 0.00540623954 0.9998724 0 -252.904343 1.25569534 192.177414 1 </TEMPLATETRANSFORM>
		</TEMPLATEBASICENTITYINSTANCE>
		<TEMPLATEBASICENTITYINSTANCE id="core_barr_armco_b_half2527" uri="#core_barr_armco_b_half~0" instance_tag="1604">
			<TEMPLATETRANSFORM>0.384640247 0.00037622446 0.9230663 0 -0.000144711128 0.9999998 -0.000347280235 0 -0.9230666 -3.63797881E-11 0.384640336 0 -274.670959 1.23857117 184.521866 1 </TEMPLATETRANSFORM>
		</TEMPLATEBASICENTITYINSTANCE>
		<TEMPLATEBASICENTITYINSTANCE id="core_barr_armco_b_half2528" uri="#core_barr_armco_b_half~0" instance_tag="1605">
			<TEMPLATETRANSFORM>0.576955855 1.71661377E-05 0.8167753 0 -9.90410354E-06 1 -1.40208776E-05 0 -0.8167753 0 0.576955855 0 -273.906982 1.23931885 186.35527 1 </TEMPLATETRANSFORM>
		</TEMPLATEBASICENTITYINSTANCE>
		<TEMPLATEBASICENTITYINSTANCE id="core_barr_armco_b_half2525" uri="#core_barr_armco_b_half~0" instance_tag="1602">
			<TEMPLATETRANSFORM>0.207586557 -0.00125837338 0.9782161 0 0.000261221547 0.999999046 0.00123096118 0 -0.9782168 -1.74622983E-10 0.207586676 0 -275.614624 1.240982 180.66066 1 </TEMPLATETRANSFORM>
		</TEMPLATEBASICENTITYINSTANCE>
		<TEMPLATEBASICENTITYINSTANCE id="core_barr_armco_b_half2526" uri="#core_barr_armco_b_half~0" instance_tag="1603">
			<TEMPLATETRANSFORM>0.267012954 4.62532043E-05 0.963692963 0 -1.23502068E-05 1 -4.45738879E-05 0 -0.963692963 -1.8189894E-12 0.267012954 0 -275.201843 1.23847961 182.60582 1 </TEMPLATETRANSFORM>
		</TEMPLATEBASICENTITYINSTANCE>
		<TEMPLATEBASICENTITYINSTANCE id="core_barr_blockconcrete_a5576" uri="#core_barr_blockconcrete_a~0" instance_tag="1561">
			<TEMPLATETRANSFORM>-0.999960065 -0.008866186 -0.000153384433 0 -0.008866599 0.9999561 0.002901893 0 0.000127649022 0.00290313736 -0.9999952 0 -176.870453 1.8408432 209.258331 1 </TEMPLATETRANSFORM>
		</TEMPLATEBASICENTITYINSTANCE>
		<TEMPLATEBASICENTITYINSTANCE id="core_barr_blockconcrete_a5577" uri="#core_barr_blockconcrete_a~0" instance_tag="1562">
			<TEMPLATETRANSFORM>-0.9999545 -0.009531674 -0.000419208227 0 -0.00953371 0.999888957 0.00634789141 0 0.0003586556 0.00635159854 -0.999934256 0 -180.87088 1.80537415 209.257767 1 </TEMPLATETRANSFORM>
		</TEMPLATEBASICENTITYINSTANCE>
		<TEMPLATEBASICENTITYINSTANCE id="core_barr_blockconcrete_a5574" uri="#core_barr_blockconcrete_a~0" instance_tag="1559">
			<TEMPLATETRANSFORM>-0.999952555 -0.00663942751 0.007046395 0 -0.00661003171 0.9999691 0.004187392 0 -0.007073984 0.00414061872 -0.999965966 0 -168.869629 1.9018631 209.222443 1 </TEMPLATETRANSFORM>
		</TEMPLATEBASICENTITYINSTANCE>
		<TEMPLATEBASICENTITYINSTANCE id="core_barr_blockconcrete_a5575" uri="#core_barr_blockconcrete_a~0" instance_tag="1560">
			<TEMPLATETRANSFORM>-0.9999554 -0.008613474 0.00379633834 0 -0.00860618148 0.999960959 0.00193536072 0 -0.00381286116 0.00190260273 -0.999990642 0 -172.87001 1.87530136 209.25177 1 </TEMPLATETRANSFORM>
		</TEMPLATEBASICENTITYINSTANCE>
		<TEMPLATEBASICENTITYINSTANCE id="core_barr_blockconcrete2_a1072" uri="#core_barr_blockconcrete2_a~0" instance_tag="1590">
			<TEMPLATETRANSFORM>0.0126369847 0.0126129631 -0.9998405 0 -0.00370874815 0.9999139 0.01256701 0 0.9999135 0.00354934717 0.0126826009 0 -275.7708 1.354187 168.4669 1 </TEMPLATETRANSFORM>
		</TEMPLATEBASICENTITYINSTANCE>
		<TEMPLATEBASICENTITYINSTANCE id="core_barr_blockconcrete_a5616" uri="#core_barr_blockconcrete_a~0" instance_tag="1596">
			<TEMPLATETRANSFORM>0.9999247 -0.0005493164 0.0122435549 0 0.0005749905 0.999997556 -0.00209353678 0 -0.0122423749 0.00210042 0.99992305 0 -260.905182 1.23908615 192.13089 1 </TEMPLATETRANSFORM>
		</TEMPLATEBASICENTITYINSTANCE>
		<TEMPLATEBASICENTITYINSTANCE id="core_barr_safetyaccess_set_r012" uri="#core_barr_safetyaccess_set_r" instance_tag="1563">
			<TEMPLATETRANSFORM>-0.999931335 -0.009164205 -0.0073029534 0 -0.00916385651 0.999958 -8.123331E-05 0 0.00730339158 -1.43045136E-05 -0.999973357 0 -186.008713 1.755333 209.211182 1 </TEMPLATETRANSFORM>
		</TEMPLATEBASICENTITYINSTANCE>
		<TEMPLATEBASICENTITYINSTANCE id="core_barr_blockconcrete2_a1071" uri="#core_barr_blockconcrete2_a~0" instance_tag="1589">
			<TEMPLATETRANSFORM>0.005747755 0.0126091484 -0.999904156 0 -0.000711128232 0.9999202 0.0126052676 0 0.9999839 0.000638604164 0.005756342 0 -275.81427 1.25329971 176.467316 1 </TEMPLATETRANSFORM>
		</TEMPLATEBASICENTITYINSTANCE>
		<TEMPLATEBASICENTITYINSTANCE id="core_barr_blockconcrete_a5524" uri="#core_barr_blockconcrete_a~0" instance_tag="1478">
			<TEMPLATETRANSFORM>0.011921566 0.002803799 -0.999925 0 -0.00165450166 0.9999909 0.00278425729 0 0.9999237 0.00162118475 0.011926095 0 -14.0987616 2.23501563 284.2954 1 </TEMPLATETRANSFORM>
		</TEMPLATEBASICENTITYINSTANCE>
		<TEMPLATEBASICENTITYINSTANCE id="core_barr_blockconcrete2_a804" uri="#core_barr_blockconcrete2_a~0" instance_tag="1480">
			<TEMPLATETRANSFORM>0.000315984 6.67756467E-06 -0.9999997 0 0.00163197331 0.9999652 7.189301E-06 0 0.9999647 -0.00163197482 0.000315954123 0 15.1831121 2.20158958 440.294861 1 </TEMPLATETRANSFORM>
		</TEMPLATEBASICENTITYINSTANCE>
		<TEMPLATEBASICENTITYINSTANCE id="core_barr_blockconcrete_a5522" uri="#core_barr_blockconcrete_a~0" instance_tag="1476">
			<TEMPLATETRANSFORM>0.000670919544 -4.75218258E-07 -0.9999999 0 -0.00221764832 0.999964058 -1.966313E-06 0 0.9999633 0.00221764762 0.000670898531 0 -14.1174278 2.23489761 292.296631 1 </TEMPLATETRANSFORM>
		</TEMPLATEBASICENTITYINSTANCE>
		<TEMPLATEBASICENTITYINSTANCE id="core_barr_blockconcrete_a5523" uri="#core_barr_blockconcrete_a~0" instance_tag="1477">
			<TEMPLATETRANSFORM>0.0140638929 3.00435131E-05 -0.9999012 0 -0.0118685719 0.999896049 -0.00013689624 0 0.9997968 0.0118693179 0.0140627176 0 -14.1231356 2.23489618 288.296051 1 </TEMPLATETRANSFORM>
		</TEMPLATEBASICENTITYINSTANCE>
		<TEMPLATEBASICENTITYINSTANCE id="core_barr_blockconcrete2_a807" uri="#core_barr_blockconcrete2_a~0" instance_tag="1483">
			<TEMPLATETRANSFORM>0.00355265569 4.78678E-07 -0.9999936 0 0.001295986 0.999965549 5.07912046E-06 0 0.9999589 -0.00129599578 0.003552467 0 15.22789 2.2016468 416.2913 1 </TEMPLATETRANSFORM>
		</TEMPLATEBASICENTITYINSTANCE>
		<TEMPLATEBASICENTITYINSTANCE id="core_barr_safetyaccess_set_r011" uri="#core_barr_safetyaccess_set_r" instance_tag="1519">
			<TEMPLATETRANSFORM>-0.0107988846 0 0.9999417 0 -9.52370272E-07 1 -1.02851363E-08 0 -0.9999417 -9.524258E-07 -0.0107988846 0 15.22212 2.20164967 407.842224 1 </TEMPLATETRANSFORM>
		</TEMPLATEBASICENTITYINSTANCE>
		<TEMPLATEBASICENTITYINSTANCE id="core_barr_blockconcrete2_a805" uri="#core_barr_blockconcrete2_a~0" instance_tag="1481">
			<TEMPLATETRANSFORM>0.004284925 1.86628313E-09 -0.9999909 0 -0.00120634609 0.999965668 -5.17100852E-06 0 0.999956369 0.0012063568 0.0042847693 0 15.1867085 2.201643 432.2937 1 </TEMPLATETRANSFORM>
		</TEMPLATEBASICENTITYINSTANCE>
		<TEMPLATEBASICENTITYINSTANCE id="core_barr_blockconcrete2_a806" uri="#core_barr_blockconcrete2_a~0" instance_tag="1482">
			<TEMPLATETRANSFORM>0.00135703827 1.78988557E-09 -0.999999166 0 0.00132856017 0.9999656 1.800985E-06 0 0.9999646 -0.00132856087 0.00135698379 0 15.2037191 2.201645 424.29245 1 </TEMPLATETRANSFORM>
		</TEMPLATEBASICENTITYINSTANCE>
		<TEMPLATEBASICENTITYINSTANCE id="core_barr_blockconcrete_a5516" uri="#core_barr_blockconcrete_a~0" instance_tag="1470">
			<TEMPLATETRANSFORM>-0.072089 2.32830644E-09 -0.9973982 0 -0.009552399 0.999920368 0.000690417946 0 0.997318566 0.009577313 -0.07208336 0 -13.1959343 2.15699887 316.276245 1 </TEMPLATETRANSFORM>
		</TEMPLATEBASICENTITYINSTANCE>
		<TEMPLATEBASICENTITYINSTANCE id="core_barr_blockconcrete_a5517" uri="#core_barr_blockconcrete_a~0" instance_tag="1471">
			<TEMPLATETRANSFORM>-0.05757908 4.786816E-07 -0.9983409 0 -0.00471432833 0.9999552 0.000272373843 0 0.9982959 0.00472218869 -0.0575765371 0 -13.4855042 2.15699887 312.286072 1 </TEMPLATETRANSFORM>
		</TEMPLATEBASICENTITYINSTANCE>
		<TEMPLATEBASICENTITYINSTANCE id="core_barr_blockconcrete_a5514" uri="#core_barr_blockconcrete_a~0" instance_tag="1468">
			<TEMPLATETRANSFORM>-0.114964359 1.99725037E-09 -0.993369758 0 -0.001465806 0.99996537 0.000169638224 0 0.9933352 0.00147558947 -0.114960358 0 -12.3899269 2.15699935 324.23584 1 </TEMPLATETRANSFORM>
		</TEMPLATEBASICENTITYINSTANCE>
		<TEMPLATEBASICENTITYINSTANCE id="core_barr_blockconcrete_a5515" uri="#core_barr_blockconcrete_a~0" instance_tag="1469">
			<TEMPLATETRANSFORM>-0.08676668 2.13185558E-09 -0.9962285 0 0.00376221817 0.99995935 -0.0003276729 0 0.996187568 -0.00377645879 -0.08676307 0 -12.844492 2.15699887 320.261322 1 </TEMPLATETRANSFORM>
		</TEMPLATEBASICENTITYINSTANCE>
		<TEMPLATEBASICENTITYINSTANCE id="core_barr_blockconcrete_a5520" uri="#core_barr_blockconcrete_a~0" instance_tag="1474">
			<TEMPLATETRANSFORM>-0.0257930718 -0.000624177861 -0.9996674 0 -0.00244092173 0.9999636 -0.000561387162 0 0.999631047 0.00242562941 -0.02579364 0 -14.0008078 2.23759437 300.297 1 </TEMPLATETRANSFORM>
		</TEMPLATEBASICENTITYINSTANCE>
		<TEMPLATEBASICENTITYINSTANCE id="core_barr_blockconcrete_a5521" uri="#core_barr_blockconcrete_a~0" instance_tag="1475">
			<TEMPLATETRANSFORM>-0.0127225881 -4.95890272E-05 -0.9999188 0 -0.0102009494 0.9999143 8.020068E-05 0 0.9998331 0.0102011412 -0.01272205 0 -14.0779562 2.23509645 296.297058 1 </TEMPLATETRANSFORM>
		</TEMPLATEBASICENTITYINSTANCE>
		<TEMPLATEBASICENTITYINSTANCE id="core_barr_blockconcrete_a5518" uri="#core_barr_blockconcrete_a~0" instance_tag="1472">
			<TEMPLATETRANSFORM>-0.05036102 0.0119707128 -0.9986594 0 0.00489827152 0.9998855 0.0117383935 0 0.9986854 -0.004300547 -0.0504138768 0 -13.71165 2.15700126 308.29187 1 </TEMPLATETRANSFORM>
		</TEMPLATEBASICENTITYINSTANCE>
		<TEMPLATEBASICENTITYINSTANCE id="core_barr_blockconcrete_a5519" uri="#core_barr_blockconcrete_a~0" instance_tag="1473">
			<TEMPLATETRANSFORM>-0.04192417 0.00817576 -0.9990872 0 -0.00359474123 0.9999253 0.008333458 0 0.9990807 0.0039408314 -0.04189154 0 -13.8807735 2.20488882 304.2954 1 </TEMPLATETRANSFORM>
		</TEMPLATEBASICENTITYINSTANCE>
		<TEMPLATEBASICENTITYINSTANCE id="core_barr_armco_b_half2487" uri="#core_barr_armco_b_half~0" instance_tag="1521">
			<TEMPLATETRANSFORM>0.999783754 -0.020311866 -0.00446321443 0 0.0203116648 0.9997938 -9.067492E-05 0 0.004464133 7.275958E-12 0.99999 0 -28.7296524 2.162969 464.874023 1 </TEMPLATETRANSFORM>
		</TEMPLATEBASICENTITYINSTANCE>
		<TEMPLATEBASICENTITYINSTANCE id="core_barr_armco_b_half2498" uri="#core_barr_armco_b_half~0" instance_tag="1532">
			<TEMPLATETRANSFORM>0.6836558 -9.536743E-07 -0.7298046 0 6.51985033E-07 1 -6.959958E-07 0 0.7298046 -5.684342E-14 0.6836558 0 -9.132961 2.0828433 456.9208 1 </TEMPLATETRANSFORM>
		</TEMPLATEBASICENTITYINSTANCE>
		<TEMPLATEBASICENTITYINSTANCE id="core_barr_armco_b_half2499" uri="#core_barr_armco_b_half~0" instance_tag="1533">
			<TEMPLATETRANSFORM>0.6280468 -0.000202178489 -0.778175533 0 0.000126978382 1.00000012 -0.000157330884 0 0.778175652 2.32830644E-10 0.62804693 0 -7.772638 2.08284163 455.4687 1 </TEMPLATETRANSFORM>
		</TEMPLATEBASICENTITYINSTANCE>
		<TEMPLATEBASICENTITYINSTANCE id="core_barr_armco_b_half2496" uri="#core_barr_armco_b_half~0" instance_tag="1530">
			<TEMPLATETRANSFORM>0.7461645 7.630093E-06 -0.6657614 0 -5.69329131E-06 0.9999999 5.07920049E-06 0 0.665761054 -1.16415322E-10 0.7461646 0 -12.0551825 2.08282638 459.621857 1 </TEMPLATETRANSFORM>
		</TEMPLATEBASICENTITYINSTANCE>
		<TEMPLATEBASICENTITYINSTANCE id="core_barr_armco_b_half2497" uri="#core_barr_armco_b_half~0" instance_tag="1531">
			<TEMPLATETRANSFORM>0.72230947 9.534415E-07 -0.691570163 0 -6.890041E-07 1 6.59725629E-07 0 0.691570044 1.45519152E-11 0.7223095 0 -10.5703211 2.0828414 458.297 1 </TEMPLATETRANSFORM>
		</TEMPLATEBASICENTITYINSTANCE>
		<TEMPLATEBASICENTITYINSTANCE id="core_barr_armco_b_half2502" uri="#core_barr_armco_b_half~0" instance_tag="1536">
			<TEMPLATETRANSFORM>0.4806572 0.004815083 -0.8768955 0 -0.0023144302 0.999988437 0.004222373 0 0.876905441 -2.32830644E-10 0.480662674 0 -4.350407 2.082479 450.588074 1 </TEMPLATETRANSFORM>
		</TEMPLATEBASICENTITYINSTANCE>
		<TEMPLATEBASICENTITYINSTANCE id="core_barr_armco_b_half2503" uri="#core_barr_armco_b_half~0" instance_tag="1537">
			<TEMPLATETRANSFORM>0.435717046 0.006680915 -0.9000588 0 -0.002911054 0.9999778 0.00601335242 0 0.900079131 1.16415322E-10 0.435726762 0 -3.39398122 2.09206 448.8432 1 </TEMPLATETRANSFORM>
		</TEMPLATEBASICENTITYINSTANCE>
		<TEMPLATEBASICENTITYINSTANCE id="core_barr_armco_b_half2500" uri="#core_barr_armco_b_half~0" instance_tag="1534">
			<TEMPLATETRANSFORM>0.568941 -0.000813007238 -0.8223779 0 0.0004625533 0.999999642 -0.000668599445 0 0.8223782 0 0.5689412 0 -6.523133 2.08243918 453.9205 1 </TEMPLATETRANSFORM>
		</TEMPLATEBASICENTITYINSTANCE>
		<TEMPLATEBASICENTITYINSTANCE id="core_barr_armco_b_half2501" uri="#core_barr_armco_b_half~0" instance_tag="1535">
			<TEMPLATETRANSFORM>0.5229744 0.000833034341 -0.8523479 0 -0.00043565582 0.9999995 0.0007100354 0 0.8523482 -1.09139364E-11 0.5229746 0 -5.391086 2.080821 452.28418 1 </TEMPLATETRANSFORM>
		</TEMPLATEBASICENTITYINSTANCE>
		<TEMPLATEBASICENTITYINSTANCE id="core_barr_armco_b_half2490" uri="#core_barr_armco_b_half~0" instance_tag="1524">
			<TEMPLATETRANSFORM>0.981833 0.000368118344 -0.189746231 0 -0.000361430721 0.9999999 6.98490549E-05 0 0.189746216 -1.09139364E-11 0.98183316 0 -22.7819519 2.078032 464.477264 1 </TEMPLATETRANSFORM>
		</TEMPLATEBASICENTITYINSTANCE>
		<TEMPLATEBASICENTITYINSTANCE id="core_barr_armco_b_half2491" uri="#core_barr_armco_b_half~0" instance_tag="1525">
			<TEMPLATETRANSFORM>0.962165654 0.00204419973 -0.272457272 0 -0.0019668634 0.999997854 0.000556958257 0 0.272457868 0 0.9621677 0 -20.8284264 2.0787642 464.099731 1 </TEMPLATETRANSFORM>
		</TEMPLATEBASICENTITYINSTANCE>
		<TEMPLATEBASICENTITYINSTANCE id="core_barr_armco_b_half2488" uri="#core_barr_armco_b_half~0" instance_tag="1522">
			<TEMPLATETRANSFORM>0.997711062 -0.01452681 -0.0660426542 0 0.0144950887 0.9998945 -0.0009594901 0 0.06604962 -1.16415322E-10 0.9978163 0 -26.74029 2.12255263 464.865143 1 </TEMPLATETRANSFORM>
		</TEMPLATEBASICENTITYINSTANCE>
		<TEMPLATEBASICENTITYINSTANCE id="core_barr_armco_b_half2489" uri="#core_barr_armco_b_half~0" instance_tag="1523">
			<TEMPLATETRANSFORM>0.9916273 -0.007848182 -0.128892615 0 0.007782711 0.9999691 -0.00101160409 0 0.128896639 -1.16415322E-10 0.9916581 0 -24.7550831 2.093648 464.733734 1 </TEMPLATETRANSFORM>
		</TEMPLATEBASICENTITYINSTANCE>
		<TEMPLATEBASICENTITYINSTANCE id="core_barr_armco_b_half2494" uri="#core_barr_armco_b_half~0" instance_tag="1528">
			<TEMPLATETRANSFORM>0.841765046 1.43049692E-06 -0.539844155 0 -1.20422919E-06 0.99999994 7.7218283E-07 0 0.539844036 5.820766E-11 0.8417651 0 -15.2873011 2.082807 461.933167 1 </TEMPLATETRANSFORM>
		</TEMPLATEBASICENTITYINSTANCE>
		<TEMPLATEBASICENTITYINSTANCE id="core_barr_armco_b_half2495" uri="#core_barr_armco_b_half~0" instance_tag="1529">
			<TEMPLATETRANSFORM>0.783001244 8.58307249E-06 -0.62202 0 -6.72055467E-06 1 5.33885031E-06 0 0.622020066 -1.45519152E-11 0.7830012 0 -13.6130133 2.08280945 460.8594 1 </TEMPLATETRANSFORM>
		</TEMPLATEBASICENTITYINSTANCE>
		<TEMPLATEBASICENTITYINSTANCE id="core_barr_armco_b_half2492" uri="#core_barr_armco_b_half~0" instance_tag="1526">
			<TEMPLATETRANSFORM>0.9308504 -4.76837158E-06 -0.3654005 0 4.43864064E-06 1 -1.74236516E-06 0 0.3654005 -2.27373675E-13 0.9308504 0 -18.9144154 2.08283043 463.557739 1 </TEMPLATETRANSFORM>
		</TEMPLATEBASICENTITYINSTANCE>
		<TEMPLATEBASICENTITYINSTANCE id="core_barr_armco_b_half2493" uri="#core_barr_armco_b_half~0" instance_tag="1527">
			<TEMPLATETRANSFORM>0.892406344 -6.67577842E-06 -0.451232344 0 5.95732126E-06 1 -3.01224645E-06 0 0.451232374 -1.45519152E-11 0.8924064 0 -17.06258 2.08282065 462.8308 1 </TEMPLATETRANSFORM>
		</TEMPLATEBASICENTITYINSTANCE>
		<TEMPLATEBASICENTITYINSTANCE id="core_barr_blockconcrete2_a789" uri="#core_barr_blockconcrete2_a~0" instance_tag="1351">
			<TEMPLATETRANSFORM>-0.00669129 0.02388489 -0.9996928 0 -0.00137928315 0.9996798 0.0238938238 0 0.999942839 0.00153874047 -0.006656283 0 187.300186 7.96853638 156.594788 1 </TEMPLATETRANSFORM>
		</TEMPLATEBASICENTITYINSTANCE>
		<TEMPLATEBASICENTITYINSTANCE id="core_barr_armco_b_half2713" uri="#core_barr_armco_b_half~0" instance_tag="744">
			<TEMPLATETRANSFORM>-0.456100851 -2.28881836E-05 -0.8899279 0 -1.04393212E-05 1 -2.03688323E-05 0 0.8899279 -1.8189894E-12 -0.456100851 0 161.910736 6.00461769 -43.6745949 1 </TEMPLATETRANSFORM>
		</TEMPLATEBASICENTITYINSTANCE>
		<TEMPLATEBASICENTITYINSTANCE id="core_barr_armco_b_half2714" uri="#core_barr_armco_b_half~0" instance_tag="745">
			<TEMPLATETRANSFORM>-0.500984669 -9.059907E-06 -0.8654563 0 -4.53887333E-06 1 -7.840951E-06 0 0.8654563 0 -0.500984669 0 161.003143 6.004572 -45.4454575 1 </TEMPLATETRANSFORM>
		</TEMPLATEBASICENTITYINSTANCE>
		<TEMPLATEBASICENTITYINSTANCE id="core_barr_armco_b_half2711" uri="#core_barr_armco_b_half~0" instance_tag="742">
			<TEMPLATETRANSFORM>-0.374001354 -4.768371E-06 -0.927428067 0 -1.78337757E-06 1 -4.422322E-06 0 0.927428067 0 -0.374001354 0 163.478088 6.00467873 -40.0173454 1 </TEMPLATETRANSFORM>
		</TEMPLATEBASICENTITYINSTANCE>
		<TEMPLATEBASICENTITYINSTANCE id="core_barr_armco_b_half2712" uri="#core_barr_armco_b_half~0" instance_tag="743">
			<TEMPLATETRANSFORM>-0.41363734 -2.62260473E-05 -0.9104419 0 -1.08480672E-05 1 -2.38772845E-05 0 0.9104419 -1.81898962E-12 -0.41363734 0 162.733841 6.00467 -41.86289 1 </TEMPLATETRANSFORM>
		</TEMPLATEBASICENTITYINSTANCE>
		<TEMPLATEBASICENTITYINSTANCE id="core_barr_armco_b_half2717" uri="#core_barr_armco_b_half~0" instance_tag="748">
			<TEMPLATETRANSFORM>-0.636642337 0.000211238861 -0.771159232 0 0.0001344836 1 0.0001628988 0 0.771159232 0 -0.636642337 0 157.7312 6.004792 -50.4308 1 </TEMPLATETRANSFORM>
		</TEMPLATEBASICENTITYINSTANCE>
		<TEMPLATEBASICENTITYINSTANCE id="core_barr_armco_b_half2718" uri="#core_barr_armco_b_half~0" instance_tag="749">
			<TEMPLATETRANSFORM>-0.67152226 0.000229358673 -0.7409844 0 0.00015401945 0.99999994 0.000169951178 0 0.7409843 0 -0.6715222 0 156.464355 6.005213 -51.9653168 1 </TEMPLATETRANSFORM>
		</TEMPLATEBASICENTITYINSTANCE>
		<TEMPLATEBASICENTITYINSTANCE id="core_barr_armco_b_half2715" uri="#core_barr_armco_b_half~0" instance_tag="746">
			<TEMPLATETRANSFORM>-0.5479461 1.95503253E-05 -0.8365138 0 1.07125225E-05 1 1.63541135E-05 0 0.8365138 0 -0.5479461 0 160.006256 6.004554 -47.16759 1 </TEMPLATETRANSFORM>
		</TEMPLATEBASICENTITYINSTANCE>
		<TEMPLATEBASICENTITYINSTANCE id="core_barr_armco_b_half2716" uri="#core_barr_armco_b_half~0" instance_tag="747">
			<TEMPLATETRANSFORM>-0.5953965 0.0001001358 -0.803431869 0 5.96205136E-05 1 8.045231E-05 0 0.803431869 -7.275958E-12 -0.5953965 0 158.915939 6.004593 -48.8321075 1 </TEMPLATETRANSFORM>
		</TEMPLATEBASICENTITYINSTANCE>
		<TEMPLATEBASICENTITYINSTANCE id="core_barr_armco_b_half2705" uri="#core_barr_armco_b_half~0" instance_tag="736">
			<TEMPLATETRANSFORM>-0.118618488 -0.00222015218 -0.992937565 0 -0.0002633517 0.9999975 -0.002204477 0 0.99293983 0 -0.118618913 0 166.110519 6.00943756 -28.4096527 1 </TEMPLATETRANSFORM>
		</TEMPLATEBASICENTITYINSTANCE>
		<TEMPLATEBASICENTITYINSTANCE id="core_barr_armco_b_half2706" uri="#core_barr_armco_b_half~0" instance_tag="737">
			<TEMPLATETRANSFORM>-0.1493598 -0.00147437968 -0.9887818 0 -0.000220213376 0.9999989 -0.0014578416 0 0.988782763 -8.731149E-11 -0.149359971 0 165.874466 6.005018 -30.3856239 1 </TEMPLATETRANSFORM>
		</TEMPLATEBASICENTITYINSTANCE>
		<TEMPLATEBASICENTITYINSTANCE id="core_barr_armco_b_half2703" uri="#core_barr_armco_b_half~0" instance_tag="734">
			<TEMPLATETRANSFORM>-0.0699122 -0.0030493685 -0.9975484 0 -0.0002131894 0.999995351 -0.00304190745 0 0.9975532 0 -0.0699126944 0 166.433762 6.020811 -24.44297 1 </TEMPLATETRANSFORM>
		</TEMPLATEBASICENTITYINSTANCE>
		<TEMPLATEBASICENTITYINSTANCE id="core_barr_armco_b_half2704" uri="#core_barr_armco_b_half~0" instance_tag="735">
			<TEMPLATETRANSFORM>-0.09251703 -0.00266646966 -0.995707333 0 -0.0002466945 0.999996364 -0.002655034 0 0.995711148 1.45519152E-10 -0.09251711 0 166.294632 6.014744 -26.428154 1 </TEMPLATETRANSFORM>
		</TEMPLATEBASICENTITYINSTANCE>
		<TEMPLATEBASICENTITYINSTANCE id="core_barr_armco_b_half2709" uri="#core_barr_armco_b_half~0" instance_tag="740">
			<TEMPLATETRANSFORM>-0.290859431 0.0007915495 -0.956765354 0 0.000230229838 0.999999642 0.0007573275 0 0.956765354 8.731149E-11 -0.2908595 0 164.7275 6.002161 -36.2399979 1 </TEMPLATETRANSFORM>
		</TEMPLATEBASICENTITYINSTANCE>
		<TEMPLATEBASICENTITYINSTANCE id="core_barr_armco_b_half2710" uri="#core_barr_armco_b_half~0" instance_tag="741">
			<TEMPLATETRANSFORM>-0.337014169 0.000473022461 -0.9414996 0 0.000159415242 0.9999999 0.0004453505 0 0.9414997 -5.820766E-11 -0.337014169 0 164.148727 6.0037365 -38.1438141 1 </TEMPLATETRANSFORM>
		</TEMPLATEBASICENTITYINSTANCE>
		<TEMPLATEBASICENTITYINSTANCE id="core_barr_armco_b_half2707" uri="#core_barr_armco_b_half~0" instance_tag="738">
			<TEMPLATETRANSFORM>-0.1888793 -0.0004076958 -0.9820003 0 -7.700524E-05 0.99999994 -0.000400357356 0 0.9820005 -5.09317033E-11 -0.18887943 0 165.577255 6.00208473 -32.3533 1 </TEMPLATETRANSFORM>
		</TEMPLATEBASICENTITYINSTANCE>
		<TEMPLATEBASICENTITYINSTANCE id="core_barr_armco_b_half2708" uri="#core_barr_armco_b_half~0" instance_tag="739">
			<TEMPLATETRANSFORM>-0.238161743 0.0004458427 -0.9712255 0 0.000106182713 0.9999999 0.000433013833 0 0.9712256 -1.45519152E-11 -0.238161877 0 165.2014 6.001274 -34.3074 1 </TEMPLATETRANSFORM>
		</TEMPLATEBASICENTITYINSTANCE>
		<TEMPLATEBASICENTITYINSTANCE id="core_barr_armco_b_half2719" uri="#core_barr_armco_b_half~0" instance_tag="750">
			<TEMPLATETRANSFORM>-0.7028367 0.00015354155 -0.711351633 0 0.000107914639 0.99999994 0.000109222048 0 0.7113518 -1.45519152E-11 -0.7028369 0 155.128067 6.00566959 -53.4398346 1 </TEMPLATETRANSFORM>
		</TEMPLATEBASICENTITYINSTANCE>
		<TEMPLATEBASICENTITYINSTANCE id="core_barr_armco_b_half2730" uri="#core_barr_armco_b_half~0" instance_tag="761">
			<TEMPLATETRANSFORM>-0.9303551 -0.0120174382 -0.366462857 0 -0.011181294 0.999927938 -0.004404262 0 0.366489083 6.98491931E-10 -0.9304223 0 136.877609 5.965975 -65.19591 1 </TEMPLATETRANSFORM>
		</TEMPLATEBASICENTITYINSTANCE>
		<TEMPLATEBASICENTITYINSTANCE id="core_barr_armco_b_half2731" uri="#core_barr_armco_b_half~0" instance_tag="762">
			<TEMPLATETRANSFORM>-0.9342799 -0.0212419759 -0.3559081 0 -0.0198504254 0.999774158 -0.007561894 0 0.355988443 -1.16415322E-09 -0.934491 0 135.026138 5.94205856 -65.92519 1 </TEMPLATETRANSFORM>
		</TEMPLATEBASICENTITYINSTANCE>
		<TEMPLATEBASICENTITYINSTANCE id="core_barr_armco_b_half2728" uri="#core_barr_armco_b_half~0" instance_tag="759">
			<TEMPLATETRANSFORM>-0.913723052 -0.00418089563 -0.406316429 0 -0.00382021442 0.999991059 -0.0016987815 0 0.406319946 3.49245965E-10 -0.913731039 0 140.534058 5.987974 -63.624794 1 </TEMPLATETRANSFORM>
		</TEMPLATEBASICENTITYINSTANCE>
		<TEMPLATEBASICENTITYINSTANCE id="core_barr_armco_b_half2729" uri="#core_barr_armco_b_half~0" instance_tag="760">
			<TEMPLATETRANSFORM>-0.9236512 -0.00687402952 -0.3831724 0 -0.006349357 0.999976456 -0.00263400143 0 0.383181453 -1.67347025E-10 -0.923673034 0 138.715729 5.97965431 -64.43337 1 </TEMPLATETRANSFORM>
		</TEMPLATEBASICENTITYINSTANCE>
		<TEMPLATEBASICENTITYINSTANCE id="core_barr_armco_b_half2734" uri="#core_barr_armco_b_half~0" instance_tag="765">
			<TEMPLATETRANSFORM>-0.964222252 -0.0452545062 -0.261204243 0 -0.0436801463 0.9989753 -0.0118327895 0 0.2614721 -2.910383E-10 -0.965211332 0 129.407867 5.73992348 -67.9295349 1 </TEMPLATETRANSFORM>
		</TEMPLATEBASICENTITYINSTANCE>
		<TEMPLATEBASICENTITYINSTANCE id="core_barr_armco_b_half2735" uri="#core_barr_armco_b_half~0" instance_tag="766">
			<TEMPLATETRANSFORM>-0.977278 -0.03697267 -0.2087116 0 -0.03615731 0.9993164 -0.00772190653 0 0.208854347 -1.51339918E-09 -0.977946937 0 127.489227 5.64987564 -68.44929 1 </TEMPLATETRANSFORM>
		</TEMPLATEBASICENTITYINSTANCE>
		<TEMPLATEBASICENTITYINSTANCE id="core_barr_armco_b_half2732" uri="#core_barr_armco_b_half~0" instance_tag="763">
			<TEMPLATETRANSFORM>-0.939182937 -0.03521287 -0.341607481 0 -0.03309184 0.9993797 -0.0120364428 0 0.3418195 -7.566996E-10 -0.9397655 0 133.166855 5.899786 -66.63348 1 </TEMPLATETRANSFORM>
		</TEMPLATEBASICENTITYINSTANCE>
		<TEMPLATEBASICENTITYINSTANCE id="core_barr_armco_b_half2733" uri="#core_barr_armco_b_half~0" instance_tag="764">
			<TEMPLATETRANSFORM>-0.949769258 -0.0451206528 -0.309682161 0 -0.0428978764 0.9989812 -0.0139873018 0 0.309997916 1.86264515E-09 -0.9507377 0 131.297852 5.82971 -67.3132858 1 </TEMPLATETRANSFORM>
		</TEMPLATEBASICENTITYINSTANCE>
		<TEMPLATEBASICENTITYINSTANCE id="core_barr_armco_b_half2722" uri="#core_barr_armco_b_half~0" instance_tag="753">
			<TEMPLATETRANSFORM>-0.800054431 0.000288009644 -0.5999278 0 0.000230423408 1 0.000172784974 0 0.599927545 0 -0.8000544 0 150.7525 6.00556564 -57.49505 1 </TEMPLATETRANSFORM>
		</TEMPLATEBASICENTITYINSTANCE>
		<TEMPLATEBASICENTITYINSTANCE id="core_barr_armco_b_half2723" uri="#core_barr_armco_b_half~0" instance_tag="754">
			<TEMPLATETRANSFORM>-0.830650568 0.000298976956 -0.5567946 0 0.000248345255 0.9999999 0.000166468715 0 0.5567945 -2.18278728E-11 -0.83065027 0 149.160538 6.00613976 -58.688797 1 </TEMPLATETRANSFORM>
		</TEMPLATEBASICENTITYINSTANCE>
		<TEMPLATEBASICENTITYINSTANCE id="core_barr_armco_b_half2720" uri="#core_barr_armco_b_half~0" instance_tag="751">
			<TEMPLATETRANSFORM>-0.732544065 -1.90734881E-05 -0.680719733 0 -1.39721669E-05 1 -1.29836981E-05 0 0.680719733 -1.36424227E-12 -0.732544065 0 153.729462 6.005975 -54.8553848 1 </TEMPLATETRANSFORM>
		</TEMPLATEBASICENTITYINSTANCE>
		<TEMPLATEBASICENTITYINSTANCE id="core_barr_armco_b_half2721" uri="#core_barr_armco_b_half~0" instance_tag="752">
			<TEMPLATETRANSFORM>-0.763495266 -0.000185966477 -0.645813465 0 -0.000141984521 0.9999999 -0.000120099678 0 0.6458134 -1.45483625E-11 -0.763495147 0 152.271744 6.00593662 -56.2099762 1 </TEMPLATETRANSFORM>
		</TEMPLATEBASICENTITYINSTANCE>
		<TEMPLATEBASICENTITYINSTANCE id="core_barr_armco_b_half2726" uri="#core_barr_armco_b_half~0" instance_tag="757">
			<TEMPLATETRANSFORM>-0.881379545 -0.00371788954 -0.4723935 0 -0.0032768962 0.9999932 -0.00175632036 0 0.4723969 -1.74622983E-10 -0.8813859 0 144.0777 6.00219154 -61.814682 1 </TEMPLATETRANSFORM>
		</TEMPLATEBASICENTITYINSTANCE>
		<TEMPLATEBASICENTITYINSTANCE id="core_barr_armco_b_half2727" uri="#core_barr_armco_b_half~0" instance_tag="758">
			<TEMPLATETRANSFORM>-0.8993521 -0.00342702167 -0.4372119 0 -0.0030821173 0.999994 -0.00149834354 0 0.4372145 -8.731149E-11 -0.8993575 0 142.32373 5.994793 -62.75476 1 </TEMPLATETRANSFORM>
		</TEMPLATEBASICENTITYINSTANCE>
		<TEMPLATEBASICENTITYINSTANCE id="core_barr_armco_b_half2724" uri="#core_barr_armco_b_half~0" instance_tag="755">
			<TEMPLATETRANSFORM>-0.853690743 -0.000412941066 -0.5207803 0 -0.000352523755 0.99999994 -0.000215051448 0 0.5207804 -7.275958E-12 -0.853691 0 147.507629 6.006735 -59.79676 1 </TEMPLATETRANSFORM>
		</TEMPLATEBASICENTITYINSTANCE>
		<TEMPLATEBASICENTITYINSTANCE id="core_barr_armco_b_half2725" uri="#core_barr_armco_b_half~0" instance_tag="756">
			<TEMPLATETRANSFORM>-0.8698863 -0.0018701544 -0.4932491 0 -0.00162682426 0.9999983 -0.0009224535 0 0.493249983 -2.91038339E-11 -0.869887769 0 145.8088 6.005913 -60.8331 1 </TEMPLATETRANSFORM>
		</TEMPLATEBASICENTITYINSTANCE>
		<TEMPLATEBASICENTITYINSTANCE id="core_barr_armco_b_half2895" uri="#core_barr_armco_b_half~0" instance_tag="710">
			<TEMPLATETRANSFORM>0.4769315 0.00104904093 0.87894 0 -0.000500321039 0.9999993 -0.0009220455 0 -0.8789399 -4.07453626E-10 0.476932019 0 23.9137115 2.2231245 -99.73627 1 </TEMPLATETRANSFORM>
		</TEMPLATEBASICENTITYINSTANCE>
		<TEMPLATEBASICENTITYINSTANCE id="core_barr_armco_b_half2896" uri="#core_barr_armco_b_half~0" instance_tag="711">
			<TEMPLATETRANSFORM>0.5549083 0.000452041626 0.8319111 0 -0.000250841666 1 -0.00037605848 0 -0.831911564 0 0.5549084 0 24.86258 2.22521114 -97.9876 1 </TEMPLATETRANSFORM>
		</TEMPLATEBASICENTITYINSTANCE>
		<TEMPLATEBASICENTITYINSTANCE id="core_barr_armco_b_half2893" uri="#core_barr_armco_b_half~0" instance_tag="708">
			<TEMPLATETRANSFORM>0.3528874 0.00157499267 0.9356646 0 -0.000555796549 0.9999987 -0.00147366617 0 -0.935665846 0 0.352887779 0 22.3973083 2.21632671 -103.413559 1 </TEMPLATETRANSFORM>
		</TEMPLATEBASICENTITYINSTANCE>
		<TEMPLATEBASICENTITYINSTANCE id="core_barr_armco_b_half2894" uri="#core_barr_armco_b_half~0" instance_tag="709">
			<TEMPLATETRANSFORM>0.409211278 0.00184106734 0.9124379 0 -0.0007533867 0.9999984 -0.001679863 0 -0.9124395 -1.16415322E-10 0.409211934 0 23.0995026 2.219461 -101.551743 1 </TEMPLATETRANSFORM>
		</TEMPLATEBASICENTITYINSTANCE>
		<TEMPLATEBASICENTITYINSTANCE id="core_barr_armco_b_half2899" uri="#core_barr_armco_b_half~0" instance_tag="714">
			<TEMPLATETRANSFORM>0.79733175 0.0037169368 0.603529751 0 -0.002963655 0.9999929 -0.00224329438 0 -0.6035339 -9.313226E-10 0.797337234 0 28.6759644 2.23045444 -93.4289856 1 </TEMPLATETRANSFORM>
		</TEMPLATEBASICENTITYINSTANCE>
		<TEMPLATEBASICENTITYINSTANCE id="core_barr_armco_b_half2900" uri="#core_barr_armco_b_half~0" instance_tag="715">
			<TEMPLATETRANSFORM>0.8564199 0.006713341 0.516236365 0 -0.00574956741 0.9999776 -0.00346574839 0 -0.516248167 3.49245965E-10 0.8564392 0 30.2619019 2.23784781 -92.22853 1 </TEMPLATETRANSFORM>
		</TEMPLATEBASICENTITYINSTANCE>
		<TEMPLATEBASICENTITYINSTANCE id="core_barr_armco_b_half2897" uri="#core_barr_armco_b_half~0" instance_tag="712">
			<TEMPLATETRANSFORM>0.6393429 0.0005631446 0.7689216 0 -0.000360042672 0.99999994 -0.00043301424 0 -0.7689219 0 0.639342844 0 25.9664459 2.22611 -96.3327 1 </TEMPLATETRANSFORM>
		</TEMPLATEBASICENTITYINSTANCE>
		<TEMPLATEBASICENTITYINSTANCE id="core_barr_armco_b_half2898" uri="#core_barr_armco_b_half~0" instance_tag="713">
			<TEMPLATETRANSFORM>0.7228996 0.00162124517 0.6909507 0 -0.00117199961 0.9999985 -0.00112020271 0 -0.6909518 -3.49245965E-10 0.7229006 0 27.2381439 2.22723 -94.80326 1 </TEMPLATETRANSFORM>
		</TEMPLATEBASICENTITYINSTANCE>
		<TEMPLATEBASICENTITYINSTANCE id="core_barr_armco_b_half2887" uri="#core_barr_armco_b_half~0" instance_tag="702">
			<TEMPLATETRANSFORM>0.128761247 -0.000140190125 0.9916756 0 1.80510688E-05 0.99999994 0.000139023148 0 -0.9916756 0 0.128761217 0 19.8978882 2.21069717 -115.066078 1 </TEMPLATETRANSFORM>
		</TEMPLATEBASICENTITYINSTANCE>
		<TEMPLATEBASICENTITYINSTANCE id="core_barr_armco_b_half2888" uri="#core_barr_armco_b_half~0" instance_tag="703">
			<TEMPLATETRANSFORM>0.156275153 6.72339957E-05 0.987713456 0 -1.05070139E-05 1 -6.6408E-05 0 -0.9877135 -3.637979E-12 0.156275168 0 20.154129 2.21041775 -113.092613 1 </TEMPLATETRANSFORM>
		</TEMPLATEBASICENTITYINSTANCE>
		<TEMPLATEBASICENTITYINSTANCE id="core_barr_armco_b_half2885" uri="#core_barr_armco_b_half~0" instance_tag="700">
			<TEMPLATETRANSFORM>0.0818279162 -0.0004930497 0.996646464 0 4.03452E-05 1 0.000491396233 0 -0.9966467 -5.820766E-11 0.08182794 0 19.527771 2.212327 -119.028687 1 </TEMPLATETRANSFORM>
		</TEMPLATEBASICENTITYINSTANCE>
		<TEMPLATEBASICENTITYINSTANCE id="core_barr_armco_b_half2886" uri="#core_barr_armco_b_half~0" instance_tag="701">
			<TEMPLATETRANSFORM>0.104154974 -0.0003261566 0.9945609 0 3.397104E-05 0.9999999 0.00032438268 0 -0.9945609 -1.16415322E-10 0.104154967 0 19.6906128 2.21134615 -117.045311 1 </TEMPLATETRANSFORM>
		</TEMPLATEBASICENTITYINSTANCE>
		<TEMPLATEBASICENTITYINSTANCE id="core_barr_armco_b_half2891" uri="#core_barr_armco_b_half~0" instance_tag="706">
			<TEMPLATETRANSFORM>0.25973472 0.0008544936 0.965679467 0 -0.000221941387 0.9999996 -0.0008251644 0 -0.96568 -4.656613E-10 0.25973478 0 21.276825 2.212257 -107.231346 1 </TEMPLATETRANSFORM>
		</TEMPLATEBASICENTITYINSTANCE>
		<TEMPLATEBASICENTITYINSTANCE id="core_barr_armco_b_half2892" uri="#core_barr_armco_b_half~0" instance_tag="707">
			<TEMPLATETRANSFORM>0.3033435 0.00119066215 0.9528807 0 -0.00036118 0.9999994 -0.00113455974 0 -0.9528811 2.32830644E-10 0.303343654 0 21.7936859 2.21395731 -105.309685 1 </TEMPLATETRANSFORM>
		</TEMPLATEBASICENTITYINSTANCE>
		<TEMPLATEBASICENTITYINSTANCE id="core_barr_armco_b_half2889" uri="#core_barr_armco_b_half~0" instance_tag="704">
			<TEMPLATETRANSFORM>0.186806932 0.000298023224 0.9823966 0 -5.567281E-05 0.99999994 -0.000292777026 0 -0.982396662 0 0.186806947 0 20.4651184 2.21055126 -111.127037 1 </TEMPLATETRANSFORM>
		</TEMPLATEBASICENTITYINSTANCE>
		<TEMPLATEBASICENTITYINSTANCE id="core_barr_armco_b_half2890" uri="#core_barr_armco_b_half~0" instance_tag="705">
			<TEMPLATETRANSFORM>0.221088737 0.0005593299 0.9752535 0 -0.000123661579 0.9999998 -0.000545488554 0 -0.9752537 0 0.221088782 0 20.8368683 2.211144 -109.172066 1 </TEMPLATETRANSFORM>
		</TEMPLATEBASICENTITYINSTANCE>
		<TEMPLATEBASICENTITYINSTANCE id="core_barr_armco_b_half2901" uri="#core_barr_armco_b_half~0" instance_tag="716">
			<TEMPLATETRANSFORM>0.8991546 0.010329064 0.437509656 0 -0.009287917 0.999946535 -0.00451930333 0 -0.4375329 -4.656613E-10 0.899202466 0 31.96556 2.251202 -91.20159 1 </TEMPLATETRANSFORM>
		</TEMPLATEBASICENTITYINSTANCE>
		<TEMPLATEBASICENTITYINSTANCE id="core_barr_armco_b_half2912" uri="#core_barr_armco_b_half~0" instance_tag="727">
			<TEMPLATETRANSFORM>0.999454141 0.03199317 0.008234958 0 -0.03199209 0.9994881 -0.000263597351 0 -0.008239177 2.910383E-11 0.9999662 0 53.35842 2.684824 -88.4083557 1 </TEMPLATETRANSFORM>
		</TEMPLATEBASICENTITYINSTANCE>
		<TEMPLATEBASICENTITYINSTANCE id="core_barr_armco_b_right020" uri="#core_barr_armco_b_right~0" instance_tag="728">
			<TEMPLATETRANSFORM>0.999454141 0.0319931656 0.008234957 0 -0.0319757164 0.998976469 -0.000263462454 0 -0.008234957 1.45519152E-11 0.9994541 0 55.3474274 2.74849272 -88.39197 1 </TEMPLATETRANSFORM>
		</TEMPLATEBASICENTITYINSTANCE>
		<TEMPLATEBASICENTITYINSTANCE id="core_barr_armco_b_half2910" uri="#core_barr_armco_b_half~0" instance_tag="725">
			<TEMPLATETRANSFORM>0.999542832 0.0290734246 -0.008269242 0 -0.0290724412 0.999577343 0.000240517009 0 0.008272738 1.45519152E-11 0.999965668 0 49.38008 2.56590176 -88.3912 1 </TEMPLATETRANSFORM>
		</TEMPLATEBASICENTITYINSTANCE>
		<TEMPLATEBASICENTITYINSTANCE id="core_barr_armco_b_half2911" uri="#core_barr_armco_b_half~0" instance_tag="726">
			<TEMPLATETRANSFORM>0.999529064 0.0306834672 -0.000352700154 0 -0.0306834653 0.999529064 1.08271706E-05 0 0.000352866336 7.275958E-12 1 0 51.36927 2.6237607 -88.40765 1 </TEMPLATETRANSFORM>
		</TEMPLATEBASICENTITYINSTANCE>
		<TEMPLATEBASICENTITYINSTANCE id="core_barr_armco_b_half2701" uri="#core_barr_armco_b_half~0" instance_tag="732">
			<TEMPLATETRANSFORM>-0.0327092931 -0.00367545267 -0.999458134 0 -0.000120222161 0.9999931 -0.00367348455 0 0.999465048 2.910383E-11 -0.0327095427 0 166.598724 6.03485775 -20.4664345 1 </TEMPLATETRANSFORM>
		</TEMPLATEBASICENTITYINSTANCE>
		<TEMPLATEBASICENTITYINSTANCE id="core_barr_armco_b_half2702" uri="#core_barr_armco_b_half~0" instance_tag="733">
			<TEMPLATETRANSFORM>-0.05018389 -0.00338267582 -0.998734236 0 -0.0001697568 0.99999404 -0.00337841338 0 0.9987399 -1.45519152E-10 -0.0501841567 0 166.53363 6.027543 -22.45543 1 </TEMPLATETRANSFORM>
		</TEMPLATEBASICENTITYINSTANCE>
		<TEMPLATEBASICENTITYINSTANCE id="core_barr_armco_b_half2699" uri="#core_barr_armco_b_half~0" instance_tag="730">
			<TEMPLATETRANSFORM>-0.00325871538 -0.00416754372 -0.999986231 0 -1.35807786E-05 0.9999914 -0.0041675223 0 0.999994934 -2.32830644E-10 -0.00325874379 0 166.639389 6.05098534 -16.486618 1 </TEMPLATETRANSFORM>
		</TEMPLATEBASICENTITYINSTANCE>
		<TEMPLATEBASICENTITYINSTANCE id="core_barr_armco_b_half2700" uri="#core_barr_armco_b_half~0" instance_tag="731">
			<TEMPLATETRANSFORM>-0.0171751026 -0.003935804 -0.99984473 0 -6.759749E-05 0.999992132 -0.00393522345 0 0.999852657 0 -0.0171752218 0 166.6329 6.04269028 -18.47667 1 </TEMPLATETRANSFORM>
		</TEMPLATEBASICENTITYINSTANCE>
		<TEMPLATEBASICENTITYINSTANCE id="core_barr_armco_b_half2904" uri="#core_barr_armco_b_half~0" instance_tag="719">
			<TEMPLATETRANSFORM>0.979133 0.01347167 0.202773184 0 -0.0131917559 0.9999093 -0.00273194117 0 -0.202791557 -2.910383E-10 0.9792219 0 37.4966736 2.329125 -88.98777 1 </TEMPLATETRANSFORM>
		</TEMPLATEBASICENTITYINSTANCE>
		<TEMPLATEBASICENTITYINSTANCE id="core_barr_armco_b_half2905" uri="#core_barr_armco_b_half~0" instance_tag="720">
			<TEMPLATETRANSFORM>0.994844437 0.01472611 0.1003364 0 -0.0146517735 0.9998917 -0.00147772208 0 -0.10034699 -3.7252903E-09 0.9949525 0 39.44423 2.35592079 -88.58444 1 </TEMPLATETRANSFORM>
