igidbody" />
			</TEMPLATEENTITYLINK>
		</TEMPLATEENTITYINSTANCE>
		<TEMPLATEENTITYINSTANCE id="cot_armco_lrg1476" instanceID="2492" uri="#cot_armco_lrg" instance_tag="190647">
			<TEMPLATETRANSFORM>0.9802645 -0.05786856 -0.18903 0 0.05682173 0.9983246 -0.0109572578 0 0.189347386 9.313226E-10 0.9819102 0 725.5071 44.03954 -1598.277 1 </TEMPLATETRANSFORM>
			<TEMPLATEENTITYLINK index="1" primaryentity="#cot_armco_lrg1477">
				<TEMPLATECONSTRAINTLINK body="route_objecttypes.pssg#cot_armco_lrg_post_link1_rigidbody" />
			</TEMPLATEENTITYLINK>
		</TEMPLATEENTITYINSTANCE>
		<TEMPLATEENTITYINSTANCE id="cot_armco_lrg1474" instanceID="2490" uri="#cot_armco_lrg" instance_tag="190645">
			<TEMPLATETRANSFORM>0.9860264 -0.05118803 -0.158528909 0 0.0505390167 0.998689353 -0.008125432 0 0.158737 9.313226E-10 0.987321 0 717.6441 44.4622154 -1596.97119 1 </TEMPLATETRANSFORM>
			<TEMPLATEENTITYLINK index="1" primaryentity="#cot_armco_lrg1475">
				<TEMPLATECONSTRAINTLINK body="route_objecttypes.pssg#cot_armco_lrg_post_link1_rigidbody" />
			</TEMPLATEENTITYLINK>
		</TEMPLATEENTITYINSTANCE>
		<TEMPLATEENTITYINSTANCE id="cot_armco_lrg1473" instanceID="2489" uri="#cot_armco_lrg" instance_tag="190644">
			<TEMPLATETRANSFORM>0.987625 -0.0472636558 -0.149542317 0 0.04673099 0.9988826 -0.007075821 0 0.1497097 9.313226E-10 0.9887301 0 713.702637 44.6508369 -1596.37439 1 </TEMPLATETRANSFORM>
			<TEMPLATEENTITYLINK index="1" primaryentity="#cot_armco_lrg1474">
				<TEMPLATECONSTRAINTLINK body="route_objecttypes.pssg#cot_armco_lrg_post_link1_rigidbody" />
			</TEMPLATEENTITYLINK>
		</TEMPLATEENTITYINSTANCE>
		<TEMPLATEENTITYINSTANCE id="cot_armco_lrg1489" instanceID="2505" uri="#cot_armco_lrg" instance_tag="190660">
			<TEMPLATETRANSFORM>0.906435847 -0.07195067 -0.4161693 0 0.06538817 0.99740845 -0.0300214775 0 0.417250782 -1.74622983E-10 0.908791661 0 774.6527 40.41716 -1614.12671 1 </TEMPLATETRANSFORM>
			<TEMPLATEENTITYLINK index="1" primaryentity="#cot_armco_lrg1490">
				<TEMPLATECONSTRAINTLINK body="route_objecttypes.pssg#cot_armco_lrg_post_link1_rigidbody" />
			</TEMPLATEENTITYLINK>
		</TEMPLATEENTITYINSTANCE>
		<TEMPLATEENTITYINSTANCE id="cot_armco_lrg1503" instanceID="2519" uri="#cot_armco_lrg" instance_tag="190674">
			<TEMPLATETRANSFORM>0.852203369 -0.0158918463 -0.522969365 0 0.0135447877 0.9998739 -0.008311987 0 0.5230354 3.7252903E-09 0.852310956 0 823.8556 37.81434 -1640.37341 1 </TEMPLATETRANSFORM>
			<TEMPLATEENTITYLINK index="1" primaryentity="#cot_armco_lrg1504">
				<TEMPLATECONSTRAINTLINK body="route_objecttypes.pssg#cot_armco_lrg_post_link1_rigidbody" />
			</TEMPLATEENTITYLINK>
		</TEMPLATEENTITYINSTANCE>
		<TEMPLATEENTITYINSTANCE id="cot_armco_lrg1504" instanceID="2520" uri="#cot_armco_lrg" instance_tag="190675">
			<TEMPLATETRANSFORM>0.8469385 -0.0102456249 -0.5315922 0 0.008677859 0.9999476 -0.005446775 0 0.5316202 1.86264515E-09 0.846983135 0 827.2567 37.7509155 -1642.46057 1 </TEMPLATETRANSFORM>
			<TEMPLATEENTITYLINK index="1" primaryentity="#cot_armco_lrg1505">
				<TEMPLATECONSTRAINTLINK body="route_objecttypes.pssg#cot_armco_lrg_post_link1_rigidbody" />
			</TEMPLATEENTITYLINK>
		</TEMPLATEENTITYINSTANCE>
		<TEMPLATEENTITYINSTANCE id="cot_armco_lrg1505" instanceID="2521" uri="#cot_armco_lrg" instance_tag="190676">
			<TEMPLATETRANSFORM>0.8430459 -0.006277526 -0.5378045 0 0.00529233739 0.9999804 -0.00337614119 0 0.5378153 4.656613E-10 0.8430627 0 830.636841 37.7100258 -1644.58215 1 </TEMPLATETRANSFORM>
			<TEMPLATEENTITYLINK index="1" primaryentity="#cot_armco_lrg1506">
				<TEMPLATECONSTRAINTLINK body="route_objecttypes.pssg#cot_armco_lrg_post_link1_rigidbody" />
			</TEMPLATEENTITYLINK>
		</TEMPLATEENTITYINSTANCE>
		<TEMPLATEENTITYINSTANCE id="cot_armco_lrg1502" instanceID="2518" uri="#cot_armco_lrg" instance_tag="190673">
			<TEMPLATETRANSFORM>0.856301367 -0.0200496688 -0.516086936 0 0.0171720032 0.999799252 -0.0103494432 0 0.5161907 2.79396772E-09 0.8564736 0 820.4381 37.8943558 -1638.31372 1 </TEMPLATETRANSFORM>
			<TEMPLATEENTITYLINK index="1" primaryentity="#cot_armco_lrg1503">
				<TEMPLATECONSTRAINTLINK body="route_objecttypes.pssg#cot_armco_lrg_post_link1_rigidbody" />
			</TEMPLATEENTITYLINK>
		</TEMPLATEENTITYINSTANCE>
		<TEMPLATEENTITYINSTANCE id="cot_armco_lrg1500" instanceID="2516" uri="#cot_armco_lrg" instance_tag="190671">
			<TEMPLATETRANSFORM>0.86155194 -0.025166722 -0.5070452 0 0.0216893 0.9996833 -0.0127646988 0 0.5072059 2.561137E-09 0.8618249 0 813.5707 38.0863037 -1634.25012 1 </TEMPLATETRANSFORM>
			<TEMPLATEENTITYLINK index="1" primaryentity="#cot_armco_lrg1501">
				<TEMPLATECONSTRAINTLINK body="route_objecttypes.pssg#cot_armco_lrg_post_link1_rigidbody" />
			</TEMPLATEENTITYLINK>
		</TEMPLATEENTITYINSTANCE>
		<TEMPLATEENTITYINSTANCE id="cot_armco_lrg1501" instanceID="2517" uri="#cot_armco_lrg" instance_tag="190672">
			<TEMPLATETRANSFORM>0.859185457 -0.022928616 -0.5111499 0 0.0197051112 0.9997371 -0.0117230332 0 0.5112844 -2.327397E-09 0.859411657 0 817.009033 37.9858665 -1636.27368 1 </TEMPLATETRANSFORM>
			<TEMPLATEENTITYLINK index="1" primaryentity="#cot_armco_lrg1502">
				<TEMPLATECONSTRAINTLINK body="route_objecttypes.pssg#cot_armco_lrg_post_link1_rigidbody" />
			</TEMPLATEENTITYLINK>
		</TEMPLATEENTITYINSTANCE>
		<TEMPLATEENTITYINSTANCE id="cot_armco_lrg1506" instanceID="2522" uri="#cot_armco_lrg" instance_tag="190677">
			<TEMPLATETRANSFORM>0.8401459 -0.003729336 -0.542347431 0 0.00313319266 0.999993145 -0.0020226026 0 0.542351246 3.7252903E-09 0.840152144 0 834.0013 37.6849747 -1646.72852 1 </TEMPLATETRANSFORM>
			<TEMPLATEENTITYLINK index="1" primaryentity="#cot_armco_lrg1507">
				<TEMPLATECONSTRAINTLINK body="route_objecttypes.pssg#cot_armco_lrg_post_link1_rigidbody" />
			</TEMPLATEENTITYLINK>
		</TEMPLATEENTITYINSTANCE>
		<TEMPLATEENTITYINSTANCE id="cot_armco_lrg1509" instanceID="2525" uri="#cot_armco_lrg" instance_tag="190680">
			<TEMPLATETRANSFORM>0.824889541 -0.000936992466 -0.5652933 0 0.0007729102 0.9999998 -0.0005296618 0 0.56529355 1.86264515E-09 0.824889958 0 844.0327 37.6534424 -1653.26453 1 </TEMPLATETRANSFORM>
			<TEMPLATEENTITYLINK index="1" primaryentity="#cot_armco_lrg1510">
				<TEMPLATECONSTRAINTLINK body="route_objecttypes.pssg#cot_armco_lrg_post_link1_rigidbody" />
			</TEMPLATEENTITYLINK>
		</TEMPLATEENTITYINSTANCE>
		<TEMPLATEENTITYINSTANCE id="cot_armco_lrg1510" instanceID="2526" uri="#cot_armco_lrg" instance_tag="190681">
			<TEMPLATETRANSFORM>0.793579459 0.005604703 -0.608440459 0 -0.00444786251 0.999984443 0.003410194 0 0.6084501 1.86264515E-09 0.793592036 0 847.324341 37.649704 -1655.52026 1 </TEMPLATETRANSFORM>
			<TEMPLATEENTITYLINK index="1" primaryentity="#cot_armco_lrg1511">
				<TEMPLATECONSTRAINTLINK body="route_objecttypes.pssg#cot_armco_lrg_post_link1_rigidbody" />
			</TEMPLATEENTITYLINK>
		</TEMPLATEENTITYINSTANCE>
		<TEMPLATEENTITYINSTANCE id="cot_armco_lrg1508" instanceID="2524" uri="#cot_armco_lrg" instance_tag="190679">
			<TEMPLATETRANSFORM>0.8355796 -0.00197268277 -0.549365759 0 0.00164831989 0.9999982 -0.001083713 0 0.5493671 0 0.835581362 0 840.697937 37.6613159 -1651.072 1 </TEMPLATETRANSFORM>
			<TEMPLATEENTITYLINK index="1" primaryentity="#cot_armco_lrg1509">
				<TEMPLATECONSTRAINTLINK body="route_objecttypes.pssg#cot_armco_lrg_post_link1_rigidbody" />
			</TEMPLATEENTITYLINK>
		</TEMPLATEENTITYINSTANCE>
		<TEMPLATEENTITYINSTANCE id="cot_armco_lrg1507" instanceID="2523" uri="#cot_armco_lrg" instance_tag="190678">
			<TEMPLATETRANSFORM>0.8377956 -0.00219822861 -0.545979261 0 0.001841655 0.999997854 -0.00120017491 0 0.5459809 9.313226E-10 0.8377978 0 837.3544 37.67009 -1648.89307 1 </TEMPLATETRANSFORM>
			<TEMPLATEENTITYLINK index="1" primaryentity="#cot_armco_lrg1508">
				<TEMPLATECONSTRAINTLINK body="route_objecttypes.pssg#cot_armco_lrg_post_link1_rigidbody" />
			</TEMPLATEENTITYLINK>
		</TEMPLATEENTITYINSTANCE>
		<TEMPLATEENTITYINSTANCE id="cot_armco_lrg1492" instanceID="2508" uri="#cot_armco_lrg" instance_tag="190663">
			<TEMPLATETRANSFORM>0.8944528 -0.065750815 -0.44230175 0 0.058938548 0.997836232 -0.0291447584 0 0.443261057 -3.7252903E-09 0.896392643 0 785.4523 39.57339 -1619.22559 1 </TEMPLATETRANSFORM>
			<TEMPLATEENTITYLINK index="1" primaryentity="#cot_armco_lrg1493">
				<TEMPLATECONSTRAINTLINK body="route_objecttypes.pssg#cot_armco_lrg_post_link1_rigidbody" />
			</TEMPLATEENTITYLINK>
		</TEMPLATEENTITYINSTANCE>
		<TEMPLATEENTITYINSTANCE id="cot_armco_lrg1493" instanceID="2509" uri="#co